Matrix size: 3x3

Step 1:
    -3.000      3.000      5.000 |      4.000
     0.000      6.000     15.667 |      4.333
     0.000     -3.000      4.333 |      4.667

Step 2:
    -3.000      3.000      5.000 |      4.000
     0.000      6.000     15.667 |      4.333
     0.000      0.000     12.167 |      6.833

Matrix size: 4x4

Step 1:
     6.000     -2.000      2.000      4.000 |     16.000
     0.000      2.000      3.000    -14.000 |    -18.000
     0.000    -12.000      8.000      1.000 |    -27.000
     0.000     -4.000      2.000      2.000 |     -6.000

Step 2:
     6.000     -2.000      2.000      4.000 |     16.000
     0.000    -12.000      8.000      1.000 |    -27.000
     0.000      0.000      4.333    -13.833 |    -22.500
     0.000      0.000     -0.667      1.667 |      3.000

Step 3:
     6.000     -2.000      2.000      4.000 |     16.000
     0.000    -12.000      8.000      1.000 |    -27.000
     0.000      0.000      4.333    -13.833 |    -22.500
     0.000      0.000      0.000     -0.462 |     -0.462

